0 -0.5609855267969309 -0.4304593345768794 0.4304593345768794 0.5609855267969309 309.09626441250185 0.0 -82.82209443280667 1 test_0_105.jpg

1 -0.5963678105290181 -0.3799281965909153 0.3799281965909153 0.5963678105290181 290.018491851728 0.0 -135.2378437570238 1 test_0_115.jpg

2 -0.62721137512625 -0.32650557562197685 0.32650557562197685 0.62721137512625 262.12865417247735 0.0 -183.54445963233476 1 test_0_125.jpg

3 -0.6532814824381882 -0.2705980500730985 0.2705980500730985 0.6532814824381882 226.27416997969522 0.0 -226.2741699796952 1 test_0_135.jpg

4 0.32650557562197685 0.62721137512625 -0.62721137512625 -0.32650557562197685 262.12865417247735 0.0 183.54445963233476 1 test_0_55.jpg

5 0.37992819659091515 0.5963678105290181 -0.5963678105290181 -0.37992819659091515 290.01849185172796 0.0 135.23784375702382 1 test_0_65.jpg

6 0.4304593345768794 0.5609855267969309 -0.5609855267969309 -0.4304593345768794 309.09626441250185 0.0 82.82209443280664 1 test_0_75.jpg

7 0.47771441710826085 0.5213338044735969 -0.5213338044735969 -0.47771441710826085 318.78230338935856 0.0 27.889837679250604 1 test_0_85.jpg

8 -0.5213338044735969 -0.47771441710826085 0.47771441710826085 0.5213338044735969 318.78230338935856 0.0 -27.889837679250636 1 test_0_95.jpg

9 0.7663204807600037 0.5880183863281625 0.15755905175128299 0.20533495396307258 -154.54813220625087 267.68521719609856 -82.82209443280667 1 test_120_105.jpg

10 0.8146535791819436 0.5189915681571986 0.1390633715662833 0.2182857686529254 -145.00924592586395 251.1633815108467 -135.2378437570238 1 test_120_115.jpg

11 0.8567866719650288 0.44601491077688155 0.1195093351549046 0.22957529683877861 -131.06432708623862 227.0100735731912 -183.54445963233476 1 test_120_125.jpg

12 0.8923991008325228 0.3696438106143861 0.09904576054128758 0.23911761839433443 -113.13708498984755 195.95917942265427 -226.2741699796952 1 test_120_135.jpg

13 0.36964381061438606 0.8923991008325228 0.23911761839433443 0.09904576054128757 -113.13708498984754 195.95917942265424 226.27416997969522 1 test_120_45.jpg

14 0.4460149107768815 0.8567866719650287 0.2295752968387786 0.11950933515490458 -131.06432708623862 227.0100735731912 183.54445963233476 1 test_120_55.jpg

15 0.5189915681571986 0.8146535791819436 0.2182857686529254 0.1390633715662833 -145.00924592586392 251.16338151084665 135.23784375702382 1 test_120_65.jpg

16 0.5880183863281625 0.7663204807600037 0.20533495396307258 0.15755905175128299 -154.54813220625087 267.68521719609856 82.82209443280664 1 test_120_75.jpg

17 0.6525700295239599 0.7121552207625228 0.19082141628892582 0.17485561241569889 -159.39115169467922 276.0735730121027 27.889837679250604 1 test_120_85.jpg

18 0.7121552207625228 0.6525700295239598 0.17485561241569886 0.1908214162889258 -159.39115169467922 276.0735730121027 -27.889837679250636 1 test_120_95.jpg

19 0.560985526796931 0.43045933457687946 0.4304593345768794 0.5609855267969309 -309.09626441250185 3.7853375084117433e-14 -82.82209443280667 1 test_180_105.jpg

20 0.5963678105290182 0.3799281965909153 0.3799281965909153 0.5963678105290181 -290.018491851728 3.5517021773976144e-14 -135.2378437570238 1 test_180_115.jpg

21 0.62721137512625 0.32650557562197685 0.3265055756219768 0.6272113751262499 -262.12865417247735 3.210150172971279e-14 -183.54445963233476 1 test_180_125.jpg

22 0.6532814824381883 0.27059805007309856 0.2705980500730985 0.6532814824381882 -226.27416997969522 2.7710593799535787e-14 -226.2741699796952 1 test_180_135.jpg

23 0.2705980500730985 0.6532814824381883 0.6532814824381882 0.27059805007309845 -226.2741699796952 2.7710593799535784e-14 226.27416997969522 1 test_180_45.jpg

24 0.32650557562197685 0.62721137512625 0.6272113751262499 0.3265055756219768 -262.12865417247735 3.210150172971279e-14 183.54445963233476 1 test_180_55.jpg

25 0.37992819659091515 0.5963678105290181 0.5963678105290181 0.37992819659091515 -290.01849185172796 3.551702177397614e-14 135.23784375702382 1 test_180_65.jpg

26 0.43045933457687946 0.560985526796931 0.5609855267969309 0.4304593345768794 -309.09626441250185 3.7853375084117433e-14 82.82209443280664 1 test_180_75.jpg

27 0.4777144171082609 0.521333804473597 0.5213338044735969 0.47771441710826085 -318.78230338935856 3.903957274705984e-14 27.889837679250604 1 test_180_85.jpg

28 0.521333804473597 0.4777144171082609 0.47771441710826085 0.5213338044735969 -318.78230338935856 3.903957274705984e-14 -27.889837679250636 1 test_180_95.jpg

29 0.20533495396307297 0.15755905175128324 0.5880183863281625 0.7663204807600036 -154.54813220625107 -267.68521719609845 -82.82209443280667 1 test_240_105.jpg

30 0.21828576865292573 0.1390633715662835 0.5189915681571986 0.8146535791819435 -145.00924592586415 -251.1633815108466 -135.2378437570238 1 test_240_115.jpg

31 0.2295752968387789 0.11950933515490475 0.4460149107768814 0.8567866719650287 -131.0643270862388 -227.0100735731911 -183.54445963233476 1 test_240_125.jpg

32 0.23911761839433476 0.09904576054128772 0.3696438106143861 0.8923991008325227 -113.13708498984771 -195.9591794226542 -226.2741699796952 1 test_240_135.jpg

33 0.09904576054128773 0.23911761839433482 0.8923991008325228 0.3696438106143861 -113.1370849898477 -195.95917942265416 226.27416997969522 1 test_240_45.jpg

34 0.11950933515490478 0.22957529683877895 0.8567866719650288 0.4460149107768815 -131.0643270862388 -227.0100735731911 183.54445963233476 1 test_240_55.jpg

35 0.13906337156628348 0.2182857686529257 0.8146535791819436 0.5189915681571986 -145.00924592586412 -251.16338151084656 135.23784375702382 1 test_240_65.jpg

36 0.15755905175128318 0.20533495396307289 0.7663204807600036 0.5880183863281623 -154.54813220625107 -267.68521719609845 82.82209443280664 1 test_240_75.jpg

37 0.1748556124156991 0.19082141628892604 0.7121552207625228 0.6525700295239598 -159.39115169467942 -276.0735730121026 27.889837679250604 1 test_240_85.jpg

38 0.1908214162889261 0.1748556124156991 0.6525700295239598 0.7121552207625228 -159.39115169467942 -276.0735730121026 -27.889837679250636 1 test_240_95.jpg

39 -0.20533495396307275 -0.15755905175128307 0.5880183863281623 0.7663204807600037 154.54813220625095 -267.6852171960985 -82.82209443280667 1 test_300_105.jpg

40 -0.21828576865292548 -0.13906337156628337 0.5189915681571986 0.8146535791819435 145.00924592586404 -251.16338151084668 -135.2378437570238 1 test_300_115.jpg

41 -0.22957529683877873 -0.11950933515490467 0.4460149107768815 0.8567866719650287 131.0643270862387 -227.01007357319116 -183.54445963233476 1 test_300_125.jpg

42 -0.23911761839433462 -0.09904576054128766 0.36964381061438617 0.8923991008325228 113.13708498984764 -195.95917942265424 -226.2741699796952 1 test_300_135.jpg

43 -0.09904576054128764 -0.23911761839433457 0.8923991008325227 0.36964381061438606 113.13708498984762 -195.95917942265422 226.27416997969522 1 test_300_45.jpg

44 -0.11950933515490467 -0.22957529683877873 0.8567866719650287 0.4460149107768815 131.0643270862387 -227.01007357319116 183.54445963233476 1 test_300_55.jpg

45 -0.13906337156628337 -0.21828576865292554 0.8146535791819436 0.5189915681571986 145.009245925864 -251.16338151084662 135.23784375702382 1 test_300_65.jpg

46 -0.1575590517512831 -0.20533495396307275 0.7663204807600038 0.5880183863281625 154.54813220625095 -267.6852171960985 82.82209443280664 1 test_300_75.jpg

47 -0.17485561241569894 -0.1908214162889259 0.7121552207625228 0.6525700295239597 159.3911516946793 -276.07357301210266 27.889837679250604 1 test_300_85.jpg

48 -0.190821416288926 -0.17485561241569897 0.6525700295239598 0.7121552207625228 159.3911516946793 -276.07357301210266 -27.889837679250636 1 test_300_95.jpg

49 0.7663204807600038 0.5880183863281625 -0.1575590517512831 -0.2053349539630728 154.54813220625095 267.6852171960985 -82.82209443280667 1 test_60_105.jpg

50 0.8146535791819435 0.5189915681571987 -0.13906337156628337 -0.2182857686529255 145.00924592586404 251.16338151084668 -135.2378437570238 1 test_60_115.jpg

51 0.8567866719650287 0.4460149107768815 -0.11950933515490467 -0.22957529683877873 131.0643270862387 227.01007357319116 -183.54445963233476 1 test_60_125.jpg

52 0.8923991008325228 0.36964381061438617 -0.09904576054128766 -0.23911761839433462 113.13708498984764 195.95917942265424 -226.2741699796952 1 test_60_135.jpg

53 0.36964381061438606 0.8923991008325227 -0.23911761839433457 -0.09904576054128764 113.13708498984762 195.95917942265422 226.27416997969522 1 test_60_45.jpg

54 0.4460149107768815 0.8567866719650287 -0.22957529683877873 -0.11950933515490467 131.0643270862387 227.01007357319116 183.54445963233476 1 test_60_55.jpg

55 0.5189915681571985 0.8146535791819436 -0.2182857686529255 -0.13906337156628334 145.009245925864 251.16338151084662 135.23784375702382 1 test_60_65.jpg

56 0.5880183863281624 0.7663204807600037 -0.20533495396307272 -0.15755905175128307 154.54813220625095 267.6852171960985 82.82209443280664 1 test_60_75.jpg

57 0.6525700295239598 0.7121552207625228 -0.19082141628892593 -0.17485561241569897 159.3911516946793 276.07357301210266 27.889837679250604 1 test_60_85.jpg

58 0.7121552207625228 0.6525700295239598 -0.17485561241569897 -0.190821416288926 159.3911516946793 276.07357301210266 -27.889837679250636 1 test_60_95.jpg
