# handmade images.txt file!
0 0.007740531523171993 -0.4617310312627187 -0.0040294656647204595 0.8869770585236475 2.842170943040401e-14 0.0 200.0 1 test_125_1.jpg

1 0.7720149310170615 -0.2273758960020343 -0.4018855356214616 0.43678503232396243 -4.263256414560601e-14 -1.1026865885105119e-14 199.99999999999997 1 test_125_121.jpg

2 0.8587574451313148 -0.11561261965392053 -0.44704083035136155 0.22208977600749666 2.842170943040401e-14 3.1839888300968852e-15 200.0 1 test_125_151.jpg

3 0.8869770585236475 0.004029465664720488 -0.4617310312627187 -0.007740531523172048 2.842170943040401e-14 0.0 200.0 1 test_125_181.jpg

4 0.8547506511764882 0.12339694955731759 -0.4449550254401289 -0.2370433346223696 1.4210854715202004e-14 -3.1839888300968852e-15 200.0 1 test_125_211.jpg

5 0.7642743994938894 0.23435513526068452 -0.397856069956741 -0.450192026199685 1.4210854715202004e-14 0.0 200.0 1 test_125_241.jpg

6 -0.6217141105089453 -0.32934240578620827 0.32364388079404405 0.6326608751689914 2.842170943040401e-14 -1.9899930188105533e-16 200.0 1 test_125_271.jpg

7 -0.4367850323239626 -0.40188553562146156 0.22737589600203434 0.7720149310170614 1.4210854715202004e-14 -3.1839888300968852e-15 200.0 1 test_125_301.jpg

8 0.23704333462236954 -0.44495502544012877 -0.12339694955731756 0.8547506511764881 1.4210854715202004e-14 -3.1839888300968852e-15 200.0 1 test_125_31.jpg

9 -0.2220897760074966 -0.4470408303513615 0.11561261965392047 0.8587574451313148 1.4210854715202004e-14 1.4210854715202004e-14 200.0 1 test_125_331.jpg

10 0.4501920261996849 -0.39785606995674105 -0.2343551352606844 0.7642743994938894 1.4210854715202004e-14 -1.1026865885105119e-14 200.0 1 test_125_61.jpg

11 0.6326608751689914 -0.323643880794044 -0.3293424057862084 0.6217141105089452 2.842170943040401e-14 6.430885117311179e-16 200.0 1 test_125_91.jpg

12 -0.003339500557173536 0.923844354009614 0.00806226753668086 -0.3826688609525929 0.0 0.0 200.0 1 test_45_1.jpg

13 -0.3330707051007872 0.4549400485059347 0.8041038134834902 -0.18844233815783187 0.0 -7.105427357601002e-15 200.0 1 test_45_121.jpg

14 -0.3704940620560568 0.23132096109599148 0.8944517893944316 -0.09581627934713875 -5.684341886080802e-14 -1.4210854715202004e-14 200.0 1 test_45_151.jpg

15 -0.3826688609525929 -0.008062267536680918 0.923844354009614 0.0033395005571735608 0.0 1.9876226318072275e-16 200.0 1 test_45_181.jpg

16 -0.36876540936540286 -0.24689606596025543 0.890278452624022 0.10226769901730003 0.0 -7.105427357601002e-15 200.0 1 test_45_211.jpg

17 -0.3297312045436136 -0.4689043055036792 0.7960415459468092 0.19422652279476102 -1.4210854715202004e-14 0.0 200.0 1 test_45_241.jpg

18 0.26822636303875685 0.6589574915280304 -0.6475557234341763 -0.27294913001826404 0.0 4.440892098500626e-16 200.0 1 test_45_271.jpg

19 0.18844233815783187 0.8041038134834902 -0.4549400485059347 -0.3330707051007872 0.0 -7.105427357601002e-15 200.0 1 test_45_301.jpg

20 -0.10226769901730003 0.890278452624022 0.24689606596025543 -0.36876540936540286 0.0 -7.105427357601002e-15 200.0 1 test_45_31.jpg

21 0.0958162793471387 0.8944517893944316 -0.23132096109599137 -0.37049406205605684 0.0 0.0 200.0 1 test_45_331.jpg

22 -0.19422652279476102 0.7960415459468094 0.46890430550367923 -0.3297312045436136 -5.684341886080802e-14 -1.4210854715202004e-14 200.0 1 test_45_61.jpg

23 -0.2729491300182641 0.6475557234341762 0.6589574915280305 -0.2682263630387568 0.0 0.0 200.0 1 test_45_91.jpg

24 -0.005895561929111876 0.7372492635482822 0.006433876851820143 -0.6755644832106783 0.0 -3.779777825263948e-18 200.00000000000003 1 test_85_1.jpg

25 -0.5880037853195093 0.3630527309756442 0.6416935295800912 -0.3326765352051439 0.0 2.842170943040401e-14 200.00000000000003 1 test_85_121.jpg

26 -0.6540710653656574 0.18459950257976665 0.7137933139369769 -0.16915427892194995 0.0 0.0 200.00000000000003 1 test_85_151.jpg

27 -0.6755644832106783 -0.006433876851820188 0.7372492635482824 0.005895561929111918 0.0 4.440892098500626e-16 200.00000000000003 1 test_85_181.jpg

28 -0.6510192979479865 -0.1970287982084396 0.7104628942107863 0.18054362997758147 3.552713678800501e-15 1.4210854715202004e-14 200.00000000000003 1 test_85_211.jpg

29 -0.5821082233903974 -0.3741965325726382 0.6352596527282711 0.34288794800553457 -3.552713678800501e-15 -1.4210854715202004e-14 200.00000000000003 1 test_85_241.jpg

30 0.47352743538807607 0.5258633916310197 -0.5167645157285375 -0.4818650190260363 0.0 0.0 200.00000000000003 1 test_85_271.jpg

31 0.33267653520514395 0.6416935295800913 -0.3630527309756443 -0.5880037853195094 3.552713678800501e-15 1.4210854715202004e-14 200.00000000000003 1 test_85_301.jpg

32 -0.18054362997758144 0.7104628942107865 0.19702879820843955 -0.6510192979479864 3.552713678800501e-15 1.4210854715202004e-14 200.00000000000003 1 test_85_31.jpg

33 0.16915427892194992 0.7137933139369771 -0.18459950257976662 -0.6540710653656575 -7.105427357601002e-15 0.0 200.00000000000003 1 test_85_331.jpg

34 -0.34288794800553446 0.6352596527282712 0.3741965325726381 -0.5821082233903974 0.0 0.0 200.00000000000003 1 test_85_61.jpg

35 -0.4818650190260364 0.5167645157285374 0.5258633916310198 -0.47352743538807596 0.0 -3.779777825263948e-18 200.00000000000003 1 test_85_91.jpg
